===========Q1===========
[n=50 d=10] 
# randomSelection complateTime : [96, 103, 88, 101, 99, 99, 96, 101, 86, 94, 97, 95, 100, 98, 97, 100, 101, 95, 86, 102, 90, 100, 95, 98, 92, 98, 95, 100, 99, 101, 91, 100, 100, 93, 99, 104, 96, 101, 103, 98, 94, 95, 101, 94, 94, 95, 94, 96, 102, 99, 93]
avg_time = 98.88

# rarestFirst complateTime : [64, 102, 98, 98, 106, 104, 97, 101, 104, 101, 108, 100, 100, 94, 104, 100, 89, 95, 108, 98, 104, 98, 103, 97, 101, 96, 101, 96, 105, 98, 106, 105, 93, 97, 103, 109, 102, 105, 97, 102, 102, 106, 107, 98, 96, 93, 98, 101, 108, 97, 104]
avg_time = 101.98

[n=100 d=10] 
# randomSelection complateTime : [99, 105, 105, 87, 98, 102, 89, 101, 104, 98, 92, 96, 95, 96, 99, 99, 114, 102, 100, 97, 97, 111, 103, 84, 97, 93, 100, 101, 95, 101, 96, 95, 96, 112, 97, 96, 102, 92, 97, 94, 91, 97, 102, 97, 113, 87, 107, 89, 108, 94, 102, 100, 96, 99, 100, 95, 104, 102, 102, 90, 82, 95, 98, 96, 88, 100, 95, 86, 91, 92, 104, 96, 95, 99, 103, 84, 97, 93, 108, 94, 107, 96, 92, 95, 95, 109, 94, 94, 97, 106, 94, 105, 93, 101, 99, 101, 100, 104, 104, 94, 96]
avg_time = 98.84

# rarestFirst complateTime : [90, 104, 107, 93, 97, 102, 93, 102, 99, 92, 101, 97, 97, 100, 108, 106, 103, 101, 105, 105, 91, 91, 105, 93, 100, 94, 91, 93, 96, 97, 100, 96, 90, 106, 105, 87, 103, 87, 93, 87, 95, 98, 95, 104, 103, 97, 106, 95, 96, 102, 99, 94, 99, 103, 84, 101, 103, 98, 104, 102, 93, 95, 97, 94, 92, 96, 84, 100, 95, 107, 98, 81, 99, 102, 96, 91, 109, 96, 106, 102, 98, 88, 94, 92, 96, 102, 98, 104, 107, 95, 101, 104, 103, 93, 99, 101, 99, 95, 95, 95]
avg_time = 97.77

[n=150 d=10] 
# randomSelection complateTime : [100, 97, 96, 101, 103, 102, 92, 105, 101, 99, 101, 103, 98, 104, 97, 96, 103, 108, 99, 101, 92, 110, 88, 94, 104, 107, 86, 104, 86, 98, 98, 106, 91, 91, 101, 97, 103, 101, 96, 89, 80, 105, 91, 90, 82, 95, 94, 99, 102, 96, 88, 96, 97, 88, 99, 106, 85, 103, 102, 109, 100, 107, 88, 92, 91, 111, 104, 105, 101, 95, 104, 99, 89, 92, 94, 94, 100, 96, 102, 101, 97, 95, 98, 93, 95, 90, 100, 89, 94, 103, 99, 95, 95, 95, 86, 98, 97, 105, 103, 90, 84, 96, 95, 97, 93, 108, 109, 87, 94, 81, 92, 104, 101, 93, 97, 103, 99, 97, 108, 103, 95, 90, 92, 100, 96, 96, 98, 96, 99, 89, 107, 102, 90, 110, 100, 100, 94, 100, 103, 91, 97, 80, 99, 99, 102, 106, 94, 103, 94, 98, 103]
avg_time = 98.00666666666666

# rarestFirst complateTime : [55, 96, 96, 96, 100, 103, 104, 95, 102, 106, 89, 98, 99, 106, 101, 94, 103, 100, 106, 100, 97, 92, 103, 97, 95, 100, 98, 99, 109, 95, 98, 88, 107, 97, 89, 105, 112, 99, 103, 104, 98, 101, 102, 100, 104, 89, 93, 98, 86, 101, 91, 110, 94, 104, 101, 110, 108, 96, 110, 86, 98, 93, 98, 93, 92, 102, 89, 91, 111, 98, 94, 100, 97, 90, 90, 82, 109, 93, 91, 103, 90, 75, 89, 98, 112, 96, 104, 104, 89, 103, 92, 103, 111, 107, 102, 100, 92, 100, 98, 96, 96, 92, 99, 93, 92, 94, 100, 103, 104, 99, 100, 96, 105, 97, 99, 103, 106, 102, 98, 98, 106, 102, 96, 102, 100, 95, 98, 95, 101, 90, 105, 87, 90, 91, 99, 89, 95, 111, 93, 109, 108, 102, 100, 99, 92, 98, 96, 100, 103, 94, 96]
avg_time = 98.74

[n=200 d=10] 
# randomSelection complateTime : [101, 97, 96, 94, 98, 94, 98, 95, 96, 101, 95, 98, 100, 92, 92, 94, 102, 102, 96, 102, 105, 92, 93, 108, 92, 73, 96, 95, 87, 95, 95, 99, 102, 97, 93, 85, 95, 93, 95, 92, 86, 106, 101, 100, 98, 97, 99, 91, 91, 102, 99, 96, 93, 97, 102, 99, 98, 101, 94, 98, 100, 95, 93, 102, 100, 101, 103, 87, 96, 87, 94, 93, 95, 101, 96, 84, 98, 103, 92, 109, 89, 97, 106, 100, 95, 92, 79, 87, 105, 101, 100, 95, 107, 95, 100, 105, 95, 102, 103, 93, 100, 91, 93, 103, 104, 90, 97, 94, 105, 99, 99, 81, 108, 104, 104, 87, 104, 96, 90, 94, 102, 87, 96, 87, 96, 108, 97, 94, 93, 107, 98, 92, 93, 104, 96, 97, 96, 88, 105, 106, 100, 87, 102, 99, 103, 92, 92, 106, 107, 86, 80, 106, 98, 96, 104, 106, 91, 92, 102, 94, 97, 98, 94, 94, 94, 101, 100, 88, 93, 88, 91, 96, 99, 97, 94, 90, 98, 92, 106, 98, 92, 97, 104, 96, 95, 95, 100, 98, 92, 92, 94, 99, 107, 78, 94, 90, 93, 95, 96, 95, 110]
avg_time = 96.98

# rarestFirst complateTime : [101, 98, 91, 103, 113, 108, 99, 93, 100, 102, 91, 95, 101, 106, 100, 101, 99, 102, 102, 100, 93, 99, 101, 98, 96, 95, 101, 99, 96, 92, 108, 99, 89, 90, 99, 109, 86, 103, 103, 96, 106, 104, 99, 97, 95, 108, 89, 96, 112, 104, 97, 92, 83, 98, 103, 105, 102, 98, 95, 100, 91, 97, 105, 104, 85, 86, 90, 99, 92, 100, 97, 100, 99, 94, 101, 91, 107, 107, 93, 110, 99, 84, 105, 106, 104, 95, 95, 99, 98, 99, 110, 112, 79, 100, 106, 102, 85, 99, 98, 97, 93, 102, 89, 108, 89, 93, 95, 95, 98, 92, 110, 111, 99, 96, 112, 107, 98, 98, 91, 98, 96, 95, 105, 110, 94, 106, 91, 98, 106, 87, 96, 102, 99, 109, 105, 89, 103, 104, 85, 103, 91, 95, 99, 95, 101, 98, 99, 111, 101, 103, 109, 90, 83, 109, 100, 88, 99, 105, 99, 111, 109, 96, 94, 92, 98, 89, 93, 98, 95, 100, 90, 98, 101, 100, 80, 108, 103, 92, 92, 99, 107, 103, 96, 107, 109, 103, 98, 91, 92, 98, 102, 96, 110, 92, 97, 104, 101, 105, 106, 98]
avg_time = 98.725

[n=250 d=10] 
# randomSelection complateTime : [104, 93, 102, 101, 98, 102, 103, 101, 104, 97, 100, 103, 98, 103, 95, 98, 100, 100, 96, 71, 89, 95, 96, 99, 103, 98, 95, 96, 103, 95, 105, 102, 103, 99, 100, 101, 98, 103, 106, 96, 95, 92, 96, 99, 80, 100, 101, 97, 105, 98, 99, 86, 100, 105, 103, 102, 102, 105, 94, 97, 103, 103, 95, 93, 102, 98, 101, 96, 102, 94, 94, 91, 103, 90, 96, 102, 98, 93, 93, 104, 96, 94, 104, 99, 100, 95, 97, 100, 101, 102, 92, 101, 110, 102, 96, 96, 93, 103, 102, 104, 96, 88, 93, 107, 102, 99, 91, 104, 102, 95, 104, 104, 100, 94, 101, 98, 82, 94, 109, 96, 105, 104, 92, 96, 96, 103, 100, 104, 100, 96, 97, 92, 97, 91, 105, 96, 98, 86, 96, 106, 105, 89, 100, 100, 103, 95, 101, 100, 102, 103, 100, 105, 104, 108, 109, 96, 101, 96, 97, 93, 104, 100, 95, 91, 87, 94, 95, 105, 92, 89, 99, 96, 101, 88, 105, 105, 98, 94, 98, 85, 99, 96, 90, 92, 98, 101, 106, 103, 104, 106, 94, 100, 87, 111, 88, 105, 99, 103, 89, 102, 99, 100, 90, 104, 105, 102, 95, 93, 88, 93, 88, 106, 100, 91, 89, 103, 104, 100, 87, 98, 92, 107, 96, 100, 76, 95, 95, 102, 83, 93, 99, 98, 104, 98, 97, 91, 101, 99, 88, 100, 97, 102, 101, 90, 95, 98, 97, 95, 94, 90, 105]
avg_time = 98.312

# rarestFirst complateTime : [98, 95, 91, 92, 94, 103, 107, 102, 93, 101, 100, 110, 94, 101, 107, 100, 105, 107, 98, 109, 88, 84, 95, 102, 106, 97, 106, 97, 85, 97, 94, 106, 88, 88, 100, 93, 90, 100, 101, 102, 94, 108, 93, 107, 92, 101, 94, 96, 88, 102, 96, 102, 93, 74, 107, 96, 100, 89, 101, 107, 101, 102, 94, 93, 103, 104, 102, 105, 106, 102, 95, 102, 89, 104, 109, 110, 100, 104, 107, 106, 110, 100, 80, 100, 99, 103, 97, 94, 99, 84, 109, 103, 94, 106, 100, 90, 105, 101, 107, 103, 107, 95, 97, 87, 101, 94, 100, 100, 95, 109, 108, 101, 104, 103, 96, 97, 101, 84, 100, 95, 103, 80, 107, 80, 89, 108, 109, 88, 103, 107, 103, 107, 98, 110, 112, 97, 98, 83, 95, 103, 102, 104, 100, 100, 104, 103, 100, 106, 104, 108, 108, 107, 99, 105, 102, 93, 93, 106, 107, 105, 95, 90, 93, 103, 103, 105, 86, 104, 110, 86, 104, 106, 90, 87, 89, 99, 98, 101, 84, 117, 102, 99, 93, 100, 104, 113, 101, 95, 96, 90, 98, 98, 102, 94, 111, 99, 105, 104, 94, 96, 100, 98, 102, 107, 103, 93, 108, 101, 104, 94, 103, 105, 101, 96, 101, 88, 106, 111, 100, 111, 87, 96, 102, 98, 102, 92, 116, 105, 103, 82, 100, 109, 114, 108, 98, 89, 93, 93, 101, 92, 106, 101, 105, 100, 95, 104, 100, 104, 97, 109]
avg_time = 99.5


===========Q2===========
[n=50 d=10] 
# randomSelection complateTime : [95, 97, 94, 90, 89, 99, 96, 99, 83, 98, 96, 95, 100, 103, 98, 96, 98, 97, 91, 103, 93, 97, 85, 86, 91, 95, 91, 99, 95, 93, 95, 102, 90, 98, 90, 85, 104, 88, 97, 95, 102, 77, 94, 94, 99, 96, 100, 95, 98, 97, 102]
avg_time = 96.8

# rarestFirst complateTime : [72, 105, 102, 102, 93, 112, 107, 106, 89, 105, 95, 93, 104, 103, 115, 99, 107, 99, 105, 101, 114, 100, 90, 111, 89, 117, 104, 102, 105, 102, 94, 116, 109, 101, 100, 109, 110, 99, 109, 112, 106, 113, 105, 108, 98, 108, 102, 91, 91, 80, 106]
avg_time = 104.3

[n=50 d=20] 
# randomSelection complateTime : [68, 94, 91, 87, 87, 90, 91, 93, 91, 97, 88, 96, 90, 92, 95, 92, 96, 89, 90, 91, 92, 89, 91, 91, 92, 93, 90, 87, 81, 87, 88, 88, 92, 94, 96, 89, 89, 94, 83, 83, 85, 93, 92, 81, 98, 88, 91, 93, 85, 89, 82]
avg_time = 91.48

# rarestFirst complateTime : [77, 106, 97, 113, 114, 112, 117, 97, 107, 103, 106, 103, 110, 111, 109, 105, 108, 106, 99, 124, 104, 114, 109, 98, 110, 111, 112, 121, 122, 109, 111, 115, 108, 125, 113, 110, 97, 110, 118, 107, 105, 123, 103, 112, 107, 106, 108, 108, 110, 103, 119]
avg_time = 111.04

[n=50 d=30] 
# randomSelection complateTime : [66, 94, 88, 92, 93, 88, 87, 92, 90, 90, 93, 86, 83, 96, 82, 82, 93, 93, 89, 91, 88, 91, 87, 87, 89, 91, 92, 85, 88, 84, 82, 71, 87, 85, 92, 89, 82, 91, 95, 79, 89, 86, 88, 91, 90, 94, 87, 84, 87, 87, 90]
avg_time = 89.52

# rarestFirst complateTime : [88, 107, 117, 108, 125, 123, 119, 111, 111, 113, 118, 115, 109, 113, 111, 114, 105, 115, 114, 107, 108, 120, 124, 113, 121, 113, 114, 119, 122, 118, 110, 115, 108, 108, 115, 113, 114, 117, 116, 112, 103, 110, 116, 116, 106, 118, 117, 112, 120, 114, 113]
avg_time = 115.76

[n=50 d=40] 
# randomSelection complateTime : [31, 90, 86, 86, 85, 87, 94, 98, 92, 93, 80, 90, 98, 99, 92, 92, 97, 94, 89, 93, 99, 93, 84, 88, 90, 90, 88, 91, 91, 92, 93, 100, 97, 95, 94, 97, 95, 93, 95, 97, 93, 85, 84, 94, 89, 89, 91, 88, 81, 88, 91]
avg_time = 92.02

# rarestFirst complateTime : [106, 122, 126, 130, 128, 123, 125, 123, 124, 124, 128, 125, 111, 127, 128, 123, 124, 132, 124, 126, 123, 114, 131, 121, 120, 129, 128, 129, 121, 127, 121, 127, 125, 118, 127, 124, 122, 120, 120, 117, 122, 119, 123, 127, 125, 127, 123, 124, 118, 125, 117]
avg_time = 125.86

[n=50 d=49] 
# randomSelection complateTime : [37, 85, 88, 89, 93, 86, 87, 83, 94, 90, 94, 95, 90, 93, 89, 88, 92, 84, 85, 86, 93, 89, 90, 92, 88, 87, 96, 88, 93, 88, 94, 91, 88, 97, 91, 84, 89, 84, 88, 92, 92, 91, 94, 93, 81, 95, 91, 90, 91, 95, 89]
avg_time = 90.64

# rarestFirst complateTime : [140, 155, 164, 165, 158, 162, 160, 168, 161, 156, 169, 159, 158, 163, 154, 166, 165, 163, 159, 165, 168, 164, 167, 158, 172, 160, 165, 168, 165, 173, 170, 161, 164, 173, 159, 166, 164, 163, 158, 156, 160, 167, 157, 157, 172, 160, 159, 167, 156, 157, 169]
avg_time = 165.7
